a: 5 30 22 23 26 30 34 38 43 47 
b: 4.87479 29.8748 21.8748 22.8748 25.8748 29.8748 33.8748 37.8748 42.8748 46.8748 
c: 4.74958 29.7496 21.7496 22.7496 25.7496 29.7496 33.7496 37.7496 42.7496 46.7496 
Time:0.000760763
a: 5 30 22 23 26 30 34 38 43 47 
b: 4.87479 29.8748 21.8748 22.8748 25.8748 29.8748 33.8748 37.8748 42.8748 46.8748 
c: 4.74958 29.7496 21.7496 22.7496 25.7496 29.7496 33.7496 37.7496 42.7496 46.7496 
Time:0.00245976
