Parallel section for calculate A and B, num of threads - 1
3375 25312.5 126563 474609 1.42383e+06 3.55957e+06 7.62765e+06 1.43018e+07 2.38364e+07 Parallel section for calculate C and recalculate B, num of threads - 1
a: 15 225.65 111.012 75.8509 55.6952 44.6122 37.894 31.0295 28.5806 25.0884 
b: 18908.9 56808.1 29098.9 16431.4 8904.9 628.711 788.172 949.717 1273.89 688.305 
c: -2.38364e+07 -1.43016e+07 -7.62754e+06 -3.55949e+06 -1.42377e+06 -8860.29 -16393.5 -29067.9 -56779.6 -18883.8 
Time:0.0112231
