a: 4 15.2432 8.98936 4.46343 3.7121 3.91295 1.09442 2.27091 2.55143 0.00822115 1.74511 1.0177 0.231745 1.98663 0.478449 0.695189 1.92003 -0.897928 0.253823 0.566108 -0.993889 0.73319 0.0353983 -0.779466 0.983588 -0.506366 -0.321622 0.926819 -0.889996 
b: 4 15.2432 8.98936 4.46343 3.7121 3.91295 1.09442 2.27091 2.55142 0.00820305 1.74503 1.01732 0.230097 1.98005 0.453147 0.602839 1.61571 1.5218 1.05313 2.49456 5.18027 6.13169 1.79465 10.3456 12.9189 9.31 6.42426 7.64574 3.87712 
c: 4 15.2432 8.98936 4.46343 3.7121 3.91295 1.09442 2.2709 2.55142 0.00818499 1.74494 1.01693 0.228461 1.97349 0.429183 0.522757 1.35962 -2.57915 -4.36953 -10.9923 -27.0002 -51.2795 -90.9868 -137.313 -169.683 -171.173 -128.322 -63.0732 -16.89 
Time:0.0790812
