25 125 312.5 520.833 651.042 651.042 542.535 387.525 242.203 134.557 a: 5 24.0411 11.456 8.65029 6.91295 4.86765 3.01197 2.57182 3.74511 2.8509 
b: 25.4516 72.4213 65.6372 67.9577 66.7295 56.0834 39.4926 28.2326 21.3099 7.94638 
c: -129.557 -218.162 -376.069 -533.884 -644.129 -646.174 -517.821 -309.928 -121.255 -22.1491 
Time:0.00772566
