Parallel section for calculate A and B, num of threads - 4
Parallel section for calculate C and recalculate B, num of threads - 4
a: 15 240 142 120 116 120 127 137 148 160 172 185 198 212 226 
b: 225 129912 93028.1 76490.1 64401.3 53482.3 42618.3 32326 22952 15092.6 9033.45 4835.27 2229.95 818.875 15.0333 
c: -4.8367e-026 -7.03213e+007 -6.09452e+007 -4.87562e+007 -3.57545e+007 -2.38363e+007 -1.43017e+007 -7.62751e+006 -3.55942e+006 -1.42367e+006 -474437 -126378 -25114.5 -3163 1 
Time:0.00525179
Parallel section for calculate A and B, num of threads - 1
Parallel section for calculate C and recalculate B, num of threads - 1
a: 15 240 142 120 116 120 127 137 148 160 172 185 198 212 226 
b: 225 129912 93028.1 76490.1 64401.3 53482.3 42618.3 32326 22952 15092.6 9033.45 4835.27 2229.95 818.875 15.0333 
c: -4.8367e-026 -7.03213e+007 -6.09452e+007 -4.87562e+007 -3.57545e+007 -2.38363e+007 -1.43017e+007 -7.62751e+006 -3.55942e+006 -1.42367e+006 -474437 -126378 -25114.5 -3163 1 
Time:0.00211423
